Id, SalePrice,1461
114218.426778039
164838.841014855
167174.958593492
186831.754132237
222408.421051634
181878.701605612
170998.479870786
174026.756090806
210574.451718107
103236.064338117
210104.57834052
123068.219983889
109659.120936154
168580.503312003
150058.639238792
327906.300496121
266317.285620494
296879.024911306
285600.927193662
386516.897392344
302979.410777554
234448.305271815
187584.05240441
193817.030920046
184026.245719748
213293.951040969
314750.387768298
269509.273684898
204667.084188927
201182.938778155
209614.920897608
101997.772052016
186112.061224174
290320.466351854
288234.198280685
223132.399552057
212934.515196807
178657.585012469
178657.585012469
159929.427853004
176891.543238738
170056.582603576
265583.80116081
245298.405601996
224085.720314522
218514.543664974
245208.093432746
203045.374091962
180597.357965988
151693.213075616
149951.396273991
170528.416249694
179227.235524204
158120.155808834
211137.723626393
166055.616428154
149810.983816647
176051.781504332
223677.904750272
128474.752698183
133860.234146315
192433.939640072
105591.464370354
115845.813085941
112676.202895333
114470.431152258
88996.8514405661
138585.051192427
144713.912321704
184551.518223725
113780.230102264
82484.8129693073
159194.689599918
136216.505111632
144922.21996814
116590.706954689
41579.4865708109
179737.672542706
214369.441501302
141650.432414774
157004.833809238
145610.034557042
204548.962601251
62451.2949454522
123266.082838489
144976.232702544
128904.205685169
147630.328250271
110410.396965733
139142.76964345
131496.527119424
140166.357292927
127346.611206235
127402.174519176
163836.102743104
101704.916556555
113256.874266154
112273.939408458
101272.06898356
137923.058676719
147891.997161439
110781.761264519
107757.07396827
168273.616273017
145841.051266458
220425.469864662
74649.6429665609
206298.215294603
95716.9102878415
134850.988651773
114642.956568422
130128.406724186
233005.001018695
150539.236579705
218513.069340909
225308.920325657
204292.379883722
138971.73318477
139126.524766003
211068.703576913
124884.095693139
123660.678129262
300597.493901708
238642.460472647
152080.012978461
26041.3560441006
102378.911849687
136471.086209111
103212.750834373
149980.209328937
76715.3410946861
119667.432303231
130348.602381454
135537.95014978
122214.937930922
223396.441529099
183116.967451656
198869.416796067
206400.865456503
214208.978849186
5950.18193000008
123415.26187403
66276.16298567
256777.546146899
263085.196193539
174431.471856736
236409.515260505
225182.088754887
201892.175637174
146467.195540872
150746.220165453
178007.640146164
169907.987297426
115855.084091941
73897.654413432
73897.654413432
89372.1455143591
110404.320871034
124328.436937683
204616.132883483
143550.118144434
133864.301782647
264503.977138455
204639.244992206
129191.936522508
187514.919974588
187322.562361577
280816.280408961
197150.605395739
326117.736720069
239909.607812651
259239.253482473
182404.613170897
188903.324905448
172775.244518514
171935.085016946
181153.075218002
225897.732545557
203603.159567521
266658.316705171
200358.222153742
226730.166943381
249331.097003879
243597.195076907
182025.288032816
160710.640833141
187930.344778112
148488.792642313
125026.303947311
102367.248861129
102712.61176652
123758.94579467
123761.795163728
171872.146654724
175755.441546513
169271.229122785
172562.872465505
169616.592028175
150854.190288736
139790.178528398
350257.144285835
340021.172040005
327552.750656478
400556.443044897
302637.413652057
285644.944530728
310998.716102397
304415.04920176
282234.143481135
308303.680952454
246731.976466642
361951.989105424
285528.459489176
270500.273275529
191242.659646488
188963.279953116
212702.178293111
387689.958439554
316976.439710603
301920.950925916
264035.936843666
275596.651945324
215362.090203751
194749.707887763
176253.418767139
199320.151037054
184112.884831635
208743.669615033
206135.122913511
198026.481161136
187337.362524979
261930.725796567
184026.245719748
177763.695783757
185594.478797488
266717.121016971
185739.567245174
318020.233553355
303505.264407977
237876.43297279
270127.658183139
280334.363245594
272704.957369724
278639.244025915
239528.154466085
364006.538490679
220450.297530426
218881.37789176
287048.47444251
242599.289866761
255588.289930813
274850.733120005
251779.828784834
229473.333258787
210593.202868004
207762.507030236
199571.007432836
151190.967761711
218022.072170448
261637.402423211
197931.904168319
126460.807121218
150330.698822464
236026.200916053
234445.498485045
188745.788318233
184791.739637663
197825.391327793
164230.618516038
179922.173630804
127782.820260533
122445.128040393
107574.309681635
114608.86311826
110206.164641721
109164.377187435
296074.804024863
215503.554977898
310586.811858279
224514.979464021
189291.82725839
176978.182350625
193407.017414734
254210.111670259
242315.809967278
265601.096682181
229463.406579041
234836.518502049
155363.774473871
159517.106490591
246780.004491333
107789.354983589
179639.540332323
231194.097230387
174839.477310629
98838.9068293669
104968.41636139
147125.617099374
172845.78148933
158557.033438261
156511.510768901
178279.782933253
191039.248139453
112024.172382349
212521.048781045
184747.549090253
196279.016429714
127685.196745698
199044.848142856
130720.401014265
132369.824127927
147913.142564914
111132.844864339
197031.975714465
140661.532905283
127049.194766896
93229.4261963482
115541.146346501
113161.984866932
185044.973294327
129287.008426967
57617.1646835265
127916.39349835
61295.6918225214
110135.535279913
169629.736889667
177199.407375503
-5309.32047633734
102161.310647645
25970.9577366763
252332.184687116
171632.809906634
156580.226961966
145945.886207957
145580.051374519
131256.754104789
153115.482465427
119300.87709232
90488.6457370592
118960.565773874
105802.167101605
171730.944239257
189102.546380022
132476.773596076
141853.442364148
142470.937155649
172880.384230899
110914.236588369
89856.2589139485
142213.158906372
91022.8708232252
100712.271703507
122421.538827996
80666.8683901728
2636.16719905683
82908.7293654372
107303.337676259
163441.362906033
125350.889784706
44265.5570569028
147101.933740314
165003.647773881
11353.7005136525
152177.1404518
121354.291282178
99040.9962464228
102991.763128873
131766.460675883
166061.79663218
172092.0260713
182085.788539286
142597.724353867
165205.484755342
131423.639720136
162228.917345237
168512.160140078
58222.9961477643
133480.023478445
62064.2633125419
117128.040833447
129574.90496498
94548.2996270062
128765.640180501
149182.166336637
142389.391049841
162449.824953875
182077.871248432
-7000.72116950143
112893.089563794
122070.201605322
158277.065744009
121455.699631166
123226.893826244
186999.547584585
173041.477795262
225189.563338786
140494.879395041
179741.158912822
145372.510600654
161381.874590336
143935.557555355
292685.930731401
292685.930731401
292685.930731401
305575.806428123
301371.878501125
260154.119901387
274862.696511916
209534.493412793
240780.52349743
260697.740467711
172095.841130088
224759.389754701
129626.177697639
219511.587208547
195847.150364622
219500.84008457
223914.463546355
115674.314479436
128711.244844887
253187.669397793
266275.392754256
213744.092797919
225140.842163729
243765.112239143
272160.267249007
214696.817169087
269227.761578026
168350.948093224
109143.88468139
163045.099881634
85234.5085869479
137172.06952865
152855.935291823
154796.087026644
117293.476712708
116391.417243318
126640.745587418
146615.81029418
141543.178058208
146184.267068483
139885.388552873
235450.553391122
125316.221725741
192562.858275174
135202.776407045
215243.63433229
142945.366783445
154703.699207712
154703.699207712
199398.315857247
275646.531624774
159059.280006076
46130.7061942144
257358.879810052
4801.60979150061
270584.318563725
137512.559836304
175541.13154873
188090.254440983
330013.423245303
295343.914313665
214839.791000992
220653.097839256
232368.021706265
324003.969312831
121269.735186852
157822.985432122
104200.761647737
144977.47120958
133206.205102009
142590.061250929
164238.215026709
186486.391226846
170021.022874429
186860.771821774
186234.112059566
167470.032611046
263425.843490027
222408.421051634
188375.503890019
186246.067043244
225554.013418597
293294.639721332
311391.781618916
191271.921955539
285526.875634889
186926.089103426
234588.109203531
197934.311245746
263104.846999446
240012.639920813
168462.724466015
225692.975235887
139463.882794549
314163.505045681
188426.563907035
291143.975996891
166340.057848303
93384.2518811506
123635.377310387
123758.94579467
124690.361228922
118054.386610647
168784.04109549
176407.674180288
269376.76723479
339202.635490656
318531.322723867
357774.092755048
387941.793477708
323755.264465427
270450.876485785
290431.886066416
389910.781096134
265432.251494222
316630.424938182
329760.338664665
313998.902037884
212926.488914507
309386.67148818
233038.135218077
233038.135218077
205378.560774248
231863.062382367
239949.815252388
200734.620721778
178915.445730874
211224.287320869
225785.905039624
212702.178293111
224808.279855654
191220.970491583
247564.410426992
207656.322257351
267714.59473462
313043.51101805
302313.210734451
239512.096801161
298871.232699541
256993.645519951
243954.562067307
269514.706570227
263113.761865927
242000.90713425
236298.494008651
272417.985875776
200698.187373878
191308.336789981
209520.755467673
152887.2563675
196267.36549708
181227.641200482
187739.149420501
206250.520068807
190609.314466704
210160.656738126
117600.056507384
107284.132786261
110275.311046342
105885.584950355
186624.919372587
161783.224529663
245551.35747699
341051.288864787
202318.25493438
157993.543262105
193489.810341112
178143.143685947
275745.9981161
254952.488123228
264793.69577411
268853.382524972
189619.426127868
217334.381274179
229399.630074129
230478.356603552
324928.116407971
224880.416360915
338053.749338547
240372.629769859
220669.054244335
185022.060858294
216410.439887923
222387.598606388
178910.323479701
147327.129610644
126471.315024525
188781.810484372
204069.559933215
96419.1805580697
139508.801664592
126067.660533333
61824.0229335672
162105.58870758
126322.969450253
117499.047703006
201385.894168978
130342.452359657
146893.081438141
194442.799080188
125330.032491663
100055.093802054
142556.77576042
122792.059040623
196765.496159483
140747.929356147
192888.745692028
65307.1901238187
104205.659417457
61334.368611767
176400.980787489
132320.209062003
197613.396025411
145935.959389774
117742.870834776
138073.857102385
119570.996033491
152152.922959361
133068.438910527
144025.502770335
163863.302696651
154204.490224829
100639.669621954
127019.186613488
147276.995352608
136184.6429918
107648.85682451
81502.6742276635
136417.270366019
82566.6202404046
127055.810737002
137931.47013558
130177.871438259
161884.243045631
81393.2970284763
71155.8418004848
163833.055653477
-921.041768637602
78351.5834625537
128437.697474509
156494.716992379
80319.6071656159
183109.250015217
100426.26054078
47423.2427262438
226953.453272517
115115.932683403
98753.895735253
114966.675399654
183127.751742328
142076.652591125
111310.262524769
117992.112827359
164105.402050517
111602.322796109
149385.412266616
134701.260916051
124455.91229765
100250.8338865
84829.3171338286
81549.4467796084
77670.6717998075
212828.485334417
164385.693023234
167934.725086759
174132.311234658
144050.776963069
120393.686898977
154632.920505045
195155.745182502
119583.023669124
139840.208884461
125955.705380133
88451.9398515882
44716.3596484838
115663.749075708
134846.168947074
163479.062128993
118265.574076014
148980.047693731
124766.935318925
147994.611741842
129800.415045439
114265.171170527
163666.212768664
173340.667706538
143983.834284017
141411.863834118
217049.695048485
144099.356539992
139800.813726083
158591.712590913
95477.9020844705
139085.442814258
255102.426599082
231206.104686024
236469.872308253
229604.344836688
188521.279728895
271572.471587829
355662.550369693
305379.308583871
255834.148181191
192333.773441694
141537.191723589
215636.573733006
195091.137629658
207117.05594274
222111.230458757
145604.467828429
142944.107767506
162962.651665091
250214.526331455
297021.781925844
282076.716353075
255013.709117258
236526.647522262
152512.014995739
242969.375364123
218973.887791663
245698.20848056
214745.487465007
125941.209429241
127416.719822588
167045.442443941
165751.027576538
165680.542898152
285292.173601113
64246.2580734114
64246.2580734114
60882.8675514488
83060.051251596
83762.2043418733
86869.7275958145
95875.2170629257
94838.5601424063
171747.347669615
180593.133554525
131598.62275537
136538.828708514
179649.2205261
163934.656481509
153063.827249727
123955.970169347
142846.315449612
225233.850974643
222488.387514518
198974.296075653
143090.455231132
117024.48683685
125729.724463629
94147.9231692866
146512.254582196
92221.6958685765
165305.180663123
6992.31716891646
71757.689810617
62517.1823943901
57981.0249379737
257982.760135104
235230.900277979
271875.987066357
233195.808307061
154511.23483872
171624.601180339
213790.998767135
263076.226577263
242774.033876425
145388.868199399
220868.388756892
196461.249211404
177419.20697861
238844.338895837
215092.685141269
268505.238977498
300800.353400425
233666.491622437
125723.156956908
173027.135421586
143231.137171457
138696.032711828
131942.094535146
83870.9468741766
82725.804321858
131376.042916131
110246.235036549
108646.369504025
110580.044819347
128336.5434377
129211.135267929
199373.388034677
161194.011865595
178723.204889059
192787.091986854
196004.470389781
218304.973858843
191921.245414653
185259.389636054
166334.55661483
211858.70757785
230189.299900719
295560.014945952
362968.598265675
178181.019338195
276879.865555086
316046.765536587
341289.031418871
177761.007300856
189079.986061653
228628.948019712
217332.637480963
168381.880682627
180030.817650221
182299.614030281
198979.131246671
197985.772934303
160737.132592484
113866.070807645
88499.8114398206
188563.770589215
188650.684278326
130460.116983757
141725.458836913
164478.710713382
118626.183493175
306702.367565593
277791.486169614
315249.930322171
359150.814086485
299823.059611299
348376.074212607
372630.389411797
352824.72977099
375572.92152027
285454.186108774
272688.80320947
307658.401421301
343016.776105766
297790.085030473
256707.537879332
250077.541423925
264713.407630232
271819.862087787
194136.90267516
194136.90267516
191232.697916108
252082.595100821
273690.881147257
231516.007769775
215362.090203751
175217.111102402
179582.531654929
192316.286216759
177319.682928978
198300.32387933
187143.80619616
178678.722200628
195672.161258118
203849.73375251
261075.196057874
203683.539389802
185548.284549802
183939.606607861
227069.491721433
184847.722589218
223920.562812555
226375.845578362
191517.435439172
189863.628730326
322441.557198472
360320.512074773
309230.632973406
265539.699161918
263773.619773476
306613.566592912
215628.549326217
265311.932133267
248037.472581647
346494.143636594
221763.452392184
248222.826105356
227090.759963422
243679.719879711
271808.726410842
233741.672128296
211886.152341309
242101.303282349
157346.586351763
263421.969445763
254293.579324316
274330.949405042
254139.177542949
146890.421571632
171536.019576108
154049.757454858
223956.726952456
195242.629871816
145663.42843385
113721.827738924
139078.285457721
263063.554223651
137197.019566005
160695.31894857
235246.575856213
215823.261210996
249869.27186965
211828.892185697
250394.608036543
175677.483047265
180292.951606983
211859.94880072
258814.535303274
286499.897032374
246199.614669213
282229.737407158
323122.505325537
160704.183304307
228211.229958447
158724.705338601
179185.48660053
213000.887540183
227803.746288403
236753.069630617
155364.407791808
143127.296520392
125239.079173083
111476.396205445
130050.470192225
139218.989602935
131655.851570041
107908.693726358
184196.574918566
150154.600391628
201567.476821417
165556.300397296
204850.126993975
114152.749663432
26873.4448090863
17912.1850974441
99887.5458390596
126009.308261133
189552.800729839
140127.306654041
172564.474465686
131477.166912952
116022.708119747
138451.199155711
129310.925893113
202802.163779157
109182.323439582
145714.422286601
133759.260271255
122157.501249614
170996.211800876
142691.040845644
138397.756628449
108278.153135196
126583.28734271
109896.517630875
137261.479652161
109162.985686865
77530.239159608
159703.445949541
236244.56844882
108066.186498699
98052.4039004975
182370.578759425
107317.934824408
136150.783127876
126912.646264723
119445.606603545
130847.846308306
137423.958085533
149231.652756552
92725.0196217948
105801.3812508
110946.335323381
114094.934890066
151128.692706836
103838.427713161
98352.0824304947
122578.813750491
108844.204295111
69903.8684562645
125324.713321919
207829.539783596
153494.715599186
111759.863002802
159766.992299115
114772.795083299
215094.961245857
73507.0820056603
93402.4036466611
101854.223294624
132631.55559334
107891.836095115
127828.560586151
98765.8095296439
160274.04103248
117800.98342502
126658.709404266
125034.936860795
187261.011160706
149661.874940593
130283.980886192
167431.188713911
89967.2152269289
104980.134643162
211735.753607448
202921.299249102
203829.360875271
112507.820781465
91073.6089061979
232767.927010858
114774.196264741
116254.937184092
170180.101627453
110245.200218613
127533.008749515
121543.952356369
121962.329892245
109824.68197007
128237.949385254
111459.886029423
144676.538761499
193620.489835395
156983.875459918
167805.488363926
130500.973964445
84173.4481332359
192368.405889351
131548.580156572
167035.66960941
97424.5821417571
236991.733803091
167684.446729422
105856.719218061
72231.2031989233
122267.687140523
141698.714982539
140046.949800852
93544.0129433684
199789.63258729
223585.479359863
274549.806845019
315971.118822418
274549.806845019
243137.556903754
247899.776874619
205304.267011626
219990.138689529
220617.383771671
252234.841909292
147333.993968576
162253.631709694
128813.682390594
136405.715186133
225818.55080447
213913.693765977
211201.394884458
222861.441993257
124657.744563427
130298.537864047
132202.734261501
143086.099981894
114224.497763543
124023.366756115
123980.740215778
96762.6797063554
238425.577528898
230301.89845004
214410.748768657
248297.339304849
293994.188649156
231715.658048262
235046.381264674
199236.811322848
199005.194501111
188538.353039282
198675.365922776
158659.766111062
115009.140712028
118165.882795995
133819.791458906
168063.788099601
159019.815657287
177497.060469067
152247.338253484
611555.791007151
163045.099881634
114391.811491455
64246.2580734114
107695.742549416
105569.351288422
75314.740954364
96490.3807313743
174519.502759983
138768.59175637
122840.16728284
136932.000206397
135264.737919005
137961.329317409
183747.803203345
121016.641032644
119473.467404259
128321.267602853
199586.141829821
190357.337161598
143939.563848808
175175.30283705
204273.215648582
230964.36538124
298114.910402492
149104.633071935
112874.350463378
150577.001095055
85113.1426212495
13895.619340445
124058.132532875
117553.756553358
102046.719006116
255257.191258268
171654.202008808
186144.721765584
222360.434206261
217335.137297734
156476.960478926
157519.145100068
218534.236609133
219868.727398564
239674.43042221
250768.177271847
196399.329914965
226848.785503138
293397.504129703
200556.854471191
255697.377750261
331646.193030061
163032.564792202
162873.343449516
88893.3536369932
83259.7478139589
73897.654413432
90666.9580240345
137815.155584664
179886.144280978
185747.385506598
149232.185346106
88259.5521018801
145457.264838755
149060.866133557
108646.369504025
114814.581193594
165541.578531896
138149.713759561
210308.730495998
189975.093250025
241567.6565137
177748.342954097
183742.168643683
191099.129333332
260463.893991433
281953.601342821
322847.636625108
169753.022007071
213351.742522274
337021.107462079
394154.609811703
315951.973125192
374301.175272887
336319.826807352
284507.407465541
320482.038153047
165685.258354008
214561.51429152
185324.239922006
248920.87088642
185251.410333422
158653.742810191
103365.772241655
197702.959810684
143647.90934935
144628.679026716
125900.906532698
121410.233620351
130114.754078367
155978.059729875
143209.383075824
163672.505371581
169216.043112767
345439.838538081
271108.851407893
260567.436794906
316405.312927034
302037.703214281
300524.499312876
275263.503509224
289318.040859116
304885.736930281
307743.77653866
304715.558809396
277620.793053587
272463.82581439
298748.270062287
281721.915950596
173826.942343896
198001.70557104
188055.014047528
287245.324077826
198001.70557104
209564.739463256
220154.036090573
222885.349222385
193261.506640911
206392.475200721
203644.771409982
258943.466525443
268846.720862214
285082.904844518
349805.252753632
313468.894406587
386816.775728625
300597.788807683
318119.432230358
259707.254951198
276893.258840443
246070.289350161
228206.066347025
351975.469069156
194849.045107343
150183.328490833
217574.188033449
149166.500382761
213019.705690001
204833.296870364
202115.967660679
188291.294444602
190372.87361477
174570.886404541
161351.002447069
131622.663464961
169928.106639371
143105.14053719
117217.127805284
111159.219414312
124695.981145568
120570.615556418
95564.6384302046
113307.675503953
286885.762073229
322040.162718581
200644.965861917
179068.560903946
177761.974920788
170056.582603576
193087.058923547
250625.600257677
144446.870102901
196823.930495842
137281.225594122
169269.787603135
152035.071660505
109875.303975715
122474.141352553
134840.830309127
174252.387551722
183377.755349445
144459.599644896
137379.997800425
112298.140409304
113432.071983964
162663.036774897
162280.85290967
128312.580958359
143801.990713147
108343.510183376
176453.175798705
172398.196319272
151853.96786132
143245.454003694
174393.916192486
140513.375986667
147407.63745615
139487.183980627
114408.287068436
169065.248499213
127453.229876655
115928.617504152
119620.280985012
103432.068849278
246697.764405341
159881.70451465
242556.574243211
159217.17746002
41252.46019922
55990.153502202
42057.0121155041
151363.867969063
134273.951496138
149616.998869199
153821.472121243
201329.171290052
177674.532883451
256111.36170267
120319.488165254
61353.2899611539
143057.934826941
129467.240065709
176895.41570786
106410.752731084
104429.490489319
152360.012066463
153143.030892825
118240.520002255
145108.982512148
166609.725062978
130406.49456592
132764.750971916
127603.755413882
90200.0111390562
78586.3130291865
64748.2888034494
126227.583881748
139868.869042998
17148.1172593298
136890.45324392
45974.3589853011
212280.346476286
82484.6301465427
127960.097146816
47051.8174962009
163763.755456044
63088.4427768057
112468.780694823
87831.8433738616
243586.930431795
101405.862733673
101216.457601537
68309.7237646685
125936.534859055
132315.802297007
225853.080097861
147625.068729255
90240.6864867304
95579.9332224978
173805.648502708
138383.389231397
133606.842771724
123469.837025598
165954.749235914
160812.694729543
213194.670736144
211759.596356454
93760.3395876137
245575.968192214
132445.122832662
118616.729599278
185356.974770272
129436.16414707
110194.857373646
199567.37634755
301409.87860869
177346.593932729
140926.803152491
119530.737483805
167334.259559178
237410.520650579
219605.817906847
252943.093684131
201628.338813601
232735.081223602
266873.414293898
223684.031882297
235061.63461748
207165.345695276
181552.447328748
150572.223741484
175914.239684301
217052.66696788
213608.04877996
219602.163970959
152948.079849517
183329.22846606
109298.536839013
216500.145069932
192949.460429795
236399.002842905
223780.058542364
278902.17045357
234319.78208517
241215.71685098
229159.631909916
152080.012978461
214979.104151113
216426.709887274
207384.528543655
210566.206403823
99765.5926055973
122812.749219974
135560.047780501
213501.307413758
129953.597874723
253874.457091864
163045.099881634
215375.100792331
75354.5400405776
142419.247886119
120273.987097951
133920.794116297
85551.5193463485
-2689.76804674754
85544.4964363209
132961.784303015
145049.541218052
160672.741308294
140566.035567854
170665.061575114
126698.654631847
118130.857574788
147787.706053561
147882.571820996
191671.965996056
197654.803378546
175342.098465463
182756.93309184
107218.939640142
149440.868266287
36431.7839150791
53010.1649027156
163984.010353576
17738.12584202
107567.59028359
20292.3251110381
264905.183622452
256777.546146899
206176.261641529
209362.63888399
242953.983659617
167426.671266844
205260.066291835
192781.254078345
293327.680842902
307848.091180985
49320.0342328995
234156.267806582
119185.999247754
108439.666089668
199996.491942702
53127.3042976117
88893.3536369932
145584.316540655
88681.4197035779
73897.654413432
73897.654413432
88594.7805916908
150105.656093356
109023.130536928
241765.584362265
